            10, 1 
            11, 0,2,3,5 
            12, 1, 3 
            13, 2, 4 
            14, 3, 5 
            15, 4, 6 
            16, 5, 7 
            17, 6, 8 
            18, 7, 9 
            19, 8, 10, 1, 20, 2 
            20, 2
            21, 1, 3
            22, 0, 4, 5, 9
            23, 1, 5
            24, 2, 6
            25, 3, 7
            26, 4, 8
            27, 5, 9
            28, 6, 10, 1, 17, 6, 8, 18, 7, 9, 35, 2, 8
            29, 7, 11, 0, 2, 20, 2, 21, 1, 3, 41, 3, 5
            30, 3
            31, 2, 4
            32, 1, 5
            33, 0, 6, 7, 13, 2, 4
            34, 1, 7
            35, 2, 8
            36, 3, 9
            37, 4, 10, 1, 15, 4, 6, 16, 5, 7, 31, 2, 4
            38, 5, 11, 0, 2, 18, 7, 9, 19, 8, 10, 1, 20, 2 , 37, 4, 10, 1, 15, 4, 6, 16, 5, 7, 31, 2, 4 
            39, 6, 12, 1, 3, 22, 0, 4, 5, 9
            40, 4
            41, 3, 5
            42, 2, 6
            43, 1, 7
            44, 0, 8, 9, 17
            45, 1, 9
            46, 2, 10, 1, 13, 2, 4, 14, 3, 5, 27, 5, 9                                    
            47, 3, 11, 0, 2, 16, 5, 7, 17, 6, 8, 33, 0, 6, 7, 13, 2, 4                    
            48, 4, 12, 1, 3, 20, 2
            49, 5, 13, 2, 4, 24, 2, 6 
            50, 5
            51, 4, 6
            52, 3, 7
            53, 2, 8
            54, 1, 9
            55, 0, 10, 1, 11, 0, 2, 3, 5, 13, 2, 4, 24, 2, 6
            56, 1, 11, 0, 2, 14, 3, 5, 15, 4, 6, 29, 7, 11, 0, 2, 20, 2, 21, 1, 3, 41, 3, 5
            57, 2, 12, 1, 3, 18, 7, 9
            58, 3, 13, 2, 4, 22, 0, 4, 5, 9
            59, 4, 14, 3, 5, 26, 4, 8
            60, 6
            61, 5, 7
            62, 4, 8
            63, 3, 9
            64, 2, 10, 1, 13, 2, 4, 14, 3, 5, 27, 5, 9
            65, 1, 11, 0, 2, 14, 3, 5, 15, 4, 6, 29, 7, 11, 0, 2, 20, 2, 21, 1, 3, 41, 3, 5
            66, 0, 12, 1, 3, 16, 5, 7, 17, 6, 8, 33, 0, 6, 7, 13, 2, 4
            67, 1, 13, 2, 4, 20, 2
            68, 2, 14, 3, 5, 24, 24, 2, 6 
            69, 3, 15, 4, 6, 28, 6, 10, 1, 17, 6, 8, 18, 7, 9, 35, 2, 8
            70, 7
            71, 6, 8
            72, 5, 9
            73, 4, 10, 1, 15, 4, 6, 16, 5, 7, 31, 2, 4 
            74, 3, 11, 0, 2, 16, 5, 7, 17, 6, 8, 33, 0, 6, 7, 13, 2, 4 
            75, 2, 12, 1, 3, 18, 7, 9 
            76, 1, 13, 2, 4, 20, 2 
            77, 0, 14, 3, 5, 22, 0, 4, 5, 9, 23, 1, 5, 45, 1, 9 
            78, 1, 15, 4, 6, 26, 26, 4, 8 
            79, 2, 16, 5, 7, 30, 3
            80, 8
            81, 7, 9
            82, 6, 10, 1, 17, 6, 8, 18, 7, 9, 35, 2, 8 
            83, 5, 11, 0, 2, 18, 7, 9, 19, 8, 10, 1, 20, 2, 37, 4, 10, 1, 15, 4, 6, 16, 5, 7, 31, 2, 4 
            84, 4, 12, 1, 3, 20, 2 
            85, 3, 13, 2, 4, 22, 0, 4, 5, 9 
            86, 2, 14, 3, 5, 24, 24, 2, 6 
            87, 1, 15, 4, 6, 26, 26, 4, 8 
            88, 0, 16, 5, 7, 28, 6, 10, 1, 17, 6, 8, 18, 7, 9, 35, 2, 8, 29, 7, 11, 0, 2, 20, 2, 21, 1, 3, 41, 3, 5, 57, 2, 12, 1, 3, 18, 7, 9 
            89, 1, 17, 6, 8, 32, 1, 5
            90, 9
            91, 8, 10, 1, 20, 2 
            92, 7, 11, 0, 2, 20, 2, 21, 1, 3, 41, 3, 5 
            93, 6, 12, 1, 3, 22, 0, 4, 5, 9 
            94, 5, 13, 2, 4, 24, 2, 6 
            95, 4, 14, 3, 5, 26, 4, 8 
            96, 69, 3, 15, 4, 6, 28, 6, 10, 1, 17, 6, 8, 18, 7, 9, 35, 2, 8 
            97, 2, 16, 5, 7, 30, 3 
            98, 1, 17, 6, 8, 32, 1, 5 
            99, 0, 18, 7, 9, 34, 1, 7, 35, 2, 8, 69, 3, 15, 4, 6, 28, 6, 10, 1, 17, 6, 8, 18, 7, 9, 35, 2, 8  